iter =  1
h =

  -1.2286
  -1.5980
  -1.9675
  -2.3370
  -2.7064
  -3.0759
  -3.4453
  -3.8148
  -4.1842
  -4.5537
  -4.9231
  -5.2926
  -5.6620
  -6.0315
  -6.4009
  -6.7704
  -7.1398
  -7.5093
  -7.8787
  -8.2482

sqrdError = -319.91
iter =  2
h =

  -1.2286
  -1.5980
  -1.9675
  -2.3370
  -2.7064
  -3.0759
  -3.4453
  -3.8148
  -4.1842
  -4.5537
  -4.9231
  -5.2926
  -5.6620
  -6.0315
  -6.4009
  -6.7704
  -7.1398
  -7.5093
  -7.8787
  -8.2482

sqrdError = -319.91
iter =  3
h =

  -1.2286
  -1.5980
  -1.9675
  -2.3370
  -2.7064
  -3.0759
  -3.4453
  -3.8148
  -4.1842
  -4.5537
  -4.9231
  -5.2926
  -5.6620
  -6.0315
  -6.4009
  -6.7704
  -7.1398
  -7.5093
  -7.8787
  -8.2482

sqrdError = -319.91
iter =  4
h =

  -1.2286
  -1.5980
  -1.9675
  -2.3370
  -2.7064
  -3.0759
  -3.4453
  -3.8148
  -4.1842
  -4.5537
  -4.9231
  -5.2926
  -5.6620
  -6.0315
  -6.4009
  -6.7704
  -7.1398
  -7.5093
  -7.8787
  -8.2482

sqrdError = -319.91
iter =  5
h =

  -1.2286
  -1.5980
  -1.9675
  -2.3370
  -2.7064
  -3.0759
  -3.4453
  -3.8148
  -4.1842
  -4.5537
  -4.9231
  -5.2926
  -5.6620
  -6.0315
  -6.4009
  -6.7704
  -7.1398
  -7.5093
  -7.8787
  -8.2482

sqrdError = -319.91
iter =  6
h =

  -1.2286
  -1.5980
  -1.9675
  -2.3370
  -2.7064
  -3.0759
  -3.4453
  -3.8148
  -4.1842
  -4.5537
  -4.9231
  -5.2926
  -5.6620
  -6.0315
  -6.4009
  -6.7704
  -7.1398
  -7.5093
  -7.8787
  -8.2482

sqrdError = -319.91
iter =  7
h =

  -1.2286
  -1.5980
  -1.9675
  -2.3370
  -2.7064
  -3.0759
  -3.4453
  -3.8148
  -4.1842
  -4.5537
  -4.9231
  -5.2926
  -5.6620
  -6.0315
  -6.4009
  -6.7704
  -7.1398
  -7.5093
  -7.8787
  -8.2482

sqrdError = -319.91
iter =  8
h =

  -1.2286
  -1.5980
  -1.9675
  -2.3370
  -2.7064
  -3.0759
  -3.4453
  -3.8148
  -4.1842
  -4.5537
  -4.9231
  -5.2926
  -5.6620
  -6.0315
  -6.4009
  -6.7704
  -7.1398
  -7.5093
  -7.8787
  -8.2482

sqrdError = -319.91
iter =  9
h =

  -1.2286
  -1.5980
  -1.9675
  -2.3370
  -2.7064
  -3.0759
  -3.4453
  -3.8148
  -4.1842
  -4.5537
  -4.9231
  -5.2926
  -5.6620
  -6.0315
  -6.4009
  -6.7704
  -7.1398
  -7.5093
  -7.8787
  -8.2482

sqrdError = -319.91
iter =  10
h =

  -1.2286
  -1.5980
  -1.9675
  -2.3370
  -2.7064
  -3.0759
  -3.4453
  -3.8148
  -4.1842
  -4.5537
  -4.9231
  -5.2926
  -5.6620
  -6.0315
  -6.4009
  -6.7704
  -7.1398
  -7.5093
  -7.8787
  -8.2482

sqrdError = -319.91
== 
==                                   Part Name |     Score | Feedback
==                                   --------- |     ----- | --------
==                            Warm-up Exercise |  10 /  10 | Nice work!
==           Computing Cost (for One Variable) |  40 /  40 | Nice work!
==         Gradient Descent (for One Variable) |   0 /  50 | 
==                       Feature Normalization |   0 /   0 | 
==     Computing Cost (for Multiple Variables) |   0 /   0 | 
==   Gradient Descent (for Multiple Variables) |   0 /   0 | 
==                            Normal Equations |   0 /   0 | 
==                                   --------------------------------
==                                             |  50 / 100 | 
== 
